int line,vis,opcode;
	float x,y;
	fp = fopen("disp3.txt","r+");
			while(!feof(fp))
			{
				fscanf(fp,"%d %d ",&line,&opcode);
				fprintf(fp,"%d ",0);
				fscanf(fp,"%e %e\n",&x,&y);
			}
			fclose(fp);

0 50 50 1
1 3950 50 1
1 3950 3950 1
1 50 3950 1
1 50 50 1
0 50 1025 1 
1 1350 1025 1
1 1350 50 1
1 50 50 1 
1 50 1000 1
0 1350 50 1
1 2000 50 1
1 2000 2000 1
1 1350 2000 1
1 1350 50 1
0 2000 50 1
1 2650 50 1
1 2650 1200 1
1 2000 1200 1
1 2000 50 1
0 2000 1200 1
1 2650 1200 1
1 2650 2000 1
1 2000 2000 1
1 2000 1200 1
0 2650 1350 1
1 2975 1350 1
1 2975 2000 1
1 2650 2000 1
1 2650 1350 1
0 2650 50 1
1 3950 50 1
1 3950 1350 1
1 2650 1350 1
1 2650 50 1
0 2975 1350 1
1 3950 1350 1
1 3950 2975 1
1 2975 2975 1
1 2975 1350 1
0 2000 2000 1
1 2975 2000 1
1 2975 2975 1
1 2000 2975 1
1 2000 2000 1
0 50 1025 1
1 1025 1025 1
1 1025 2975 1
1 50 2975 1
1 50 1025 1
0 1400 2000 1
1 2000 2000 1
1 2000 3500 1
1 1400 3500 1
1 1400 2000 1
0 50 2975 1
1 1400 2975 1
1 1400 3950 1
1 50 3950 1
1 50 2975 1
0 2800 3500 1
1 3950 3500 1
1 3950 3950 1
1 2800 3950 1
1 2800 3500 1
0 1025 2000 1
1 1400 2000 1
1 1400 2975 1
1 1025 2975 1
1 1025 2000 1
0 1400 3700 1
1 2800 3700 1
1 2800 3950 1
1 1400 3950 1
1 1400 3700 1
0 1025 1025 1
1 1350 1025 1
1 1350 2000 1
1 1025 2000 1
1 1025 1025 1
0 2000 2975 1
1 3950 2975 1
1 3950 3500 1
1 2000 3500 1
1 2000 2975 1
0 1400 3500 1
1 2800 3500 1
1 2800 3700 1
1 1400 3700 1
1 1400 3500 1
